1
7 7
1 0 0 2 0 -1 -1
-1 -1 -1 0 -1 -1 -1
-1 3 0 0 0 -1 -1
-1 -1 -1  0 -1 -1 -1
-1 -1 -1 -1 -1 0 -1
-1 -1 -1 -1 -1 5 -1
4 0 0 0 0 0 0 
A??D?**
***?***
*??V?**
*?*?***
*****T*
*****?*
?D?????
3 1 3 4
3 2 3 5

5 5
1 0 0 2 0
-1 -1 -1 0 -1
-1 3 0 0 0
-1 -1 -1  0 -1
-1 -1 -1 -1 -1
G??DS
***?*
*??V?
*?*?*
*****
3 1 3
2 2 3

5 5
1 0 0 2 0
-1 -1 -1 0 -1
-1 -1 -1 0 -1
-1 -3 0 0 0
-1 -1 -1 -1 -1
G??DS
***?*
*??V?
***?*
*****
2 1 3
1 2 

5 5
1 0 0 2 0
-1 -1 -1 0 -1
-1 -1 -1 0 -1
-1 -1 -1 0 -1
-1 -1 -1 -1 -1
G??DS
***I*
***?*
***?*
*****
1 1
2 1

4 4
1 0 0 -1
0 -1 -1 -1
0 -1 -1 -1
0 -1 -1 -1
G??*
?***
L***
D***
1 1
1 1
7 7
1 0 0 2 0 3 0
0 -1 -1 0 -1 0 -1
4 0 0 0 0 0 5
0 -1 -1 0 -1 -1 0
6 7 0 0 0 0 0
-1 0 -1 0 -1 -1 0
8 0 0 0 0 0 0
?ER??C?
I**?*?*
?E?T???
E**?**D
??GH??G
*?*?**?
??A??R?
4 1 4 6 8
5 1 2 3 5 7
5 5
0 0 0 0 0
0 0 0 0 0
0 0 0 0 0
0 0 0 0 0
0 0 0 0 0