Lex 시작
	(28, 0)
	(28, 0)
	( 1, factorial)
	(21, 0)
	( 1, mc)
	(28, 0)
	(27, 0)
	( 1, factorial)
	( 1, program)
	( 1, by)
	( 1, recursive)
	( 1, call)
	(27, 0)
	(28, 0)
	( 4, 0)
	( 1, main)
	(44, 0)
	(45, 0)
	( 9, 0)
	( 5, 0)
	( 1, n)
	(18, 0)
	( 1, f)
	(19, 0)
	( 1, read)
	(44, 0)
	( 1, n)
	(45, 0)
	(19, 0)
	( 1, write)
	(44, 0)
	( 1, n)
	(45, 0)
	(19, 0)
	( 1, f)
	(36, 0)
	( 1, factorial)
	(44, 0)
	( 1, n)
	(45, 0)
	(19, 0)
	( 1, write)
	(44, 0)
	( 1, f)
	(45, 0)
	(19, 0)
	(10, 0)
	( 5, 0)
	( 1, factorial)
	(44, 0)
	( 5, 0)
	( 1, n)
	(45, 0)
	( 9, 0)
	(13, 0)
	(44, 0)
	( 1, n)
	(30, 0)
	( 2, 1)
	(45, 0)
	(24, 0)
	( 2, 1)
	(19, 0)
	(14, 0)
	(24, 0)
	( 1, n)
	(27, 0)
	( 1, factorial)
	(44, 0)
	( 1, n)
	(26, 0)
	( 2, 1)
	(45, 0)
	(19, 0)
	(10, 0)
Lex 끝
