Lex 시작
	(28, 0)
	(28, 0)
	( 1, pal)
	(21, 0)
	( 1, mc)
	( 4, 0)
	( 1, main)
	(44, 0)
	(45, 0)
	( 9, 0)
	( 5, 0)
	( 1, org)
	(18, 0)
	( 1, rev)
	(19, 0)
	( 5, 0)
	( 1, i)
	(18, 0)
	( 1, j)
	(19, 0)
	( 1, read)
	(44, 0)
	( 1, org)
	(45, 0)
	(19, 0)
	(13, 0)
	(44, 0)
	( 1, org)
	(32, 0)
	( 2, 0)
	(45, 0)
	( 1, org)
	(36, 0)
	(44, 0)
	(26, 0)
	( 2, 1)
	(45, 0)
	(27, 0)
	( 1, org)
	(19, 0)
	( 1, i)
	(36, 0)
	( 1, org)
	(19, 0)
	( 1, rev)
	(36, 0)
	( 2, 0)
	(19, 0)
	(12, 0)
	(44, 0)
	( 1, i)
	(31, 0)
	( 2, 0)
	(45, 0)
	( 9, 0)
	( 1, j)
	(36, 0)
	( 1, i)
	(29, 0)
	( 2, 10)
	(19, 0)
	( 1, rev)
	(36, 0)
	( 1, rev)
	(27, 0)
	( 2, 10)
	(25, 0)
	( 1, j)
	(19, 0)
	( 1, i)
	(40, 0)
	( 2, 10)
	(19, 0)
	(10, 0)
	(13, 0)
	(44, 0)
	( 1, rev)
	(30, 0)
	( 1, org)
	(45, 0)
	( 1, write)
	(44, 0)
	( 1, org)
	(45, 0)
	(19, 0)
	(10, 0)
Lex 끝
