Lex 시작
	(28, 0)
	(28, 0)
	( 1, perfect)
	(21, 0)
	( 1, mc)
	( 1, const)
	( 5, 0)
	( 1, max)
	(36, 0)
	( 2, 500)
	(19, 0)
	( 4, 0)
	( 1, main)
	(44, 0)
	(45, 0)
	( 9, 0)
	( 5, 0)
	( 1, i)
	(18, 0)
	( 1, j)
	(18, 0)
	( 1, k)
	(19, 0)
	( 5, 0)
	( 1, rem)
	(18, 0)
	( 1, sum)
	(19, 0)
	(28, 0)
	(28, 0)
	( 1, rem)
	(20, 0)
	( 1, remainder)
	( 1, i)
	(36, 0)
	( 2, 2)
	(19, 0)
	(12, 0)
	(44, 0)
	( 1, i)
	(33, 0)
	( 1, max)
	(45, 0)
	( 9, 0)
	( 1, sum)
	(36, 0)
	( 2, 0)
	(19, 0)
	( 1, k)
	(36, 0)
	( 1, i)
	(28, 0)
	( 2, 2)
	(19, 0)
	( 1, j)
	(36, 0)
	( 2, 1)
	(19, 0)
	(12, 0)
	(44, 0)
	( 1, j)
	(33, 0)
	( 1, k)
	(45, 0)
	( 9, 0)
	( 1, rem)
	(36, 0)
	( 1, i)
	(29, 0)
	( 1, j)
	(19, 0)
	(13, 0)
	(44, 0)
	( 1, rem)
	(30, 0)
	( 2, 0)
	(45, 0)
	( 1, sum)
	(37, 0)
	( 1, j)
	(19, 0)
	(25, 0)
	(25, 0)
	( 1, j)
	(19, 0)
	(10, 0)
	(13, 0)
	(44, 0)
	( 1, i)
	(30, 0)
	( 1, sum)
	(45, 0)
	( 1, write)
	(44, 0)
	( 1, i)
	(45, 0)
	(19, 0)
	(25, 0)
	(25, 0)
	( 1, i)
	(19, 0)
	(10, 0)
	(10, 0)
Lex 끝
